start=396.438000
volume=125.000000
